1
0.0
42
-12.048672 -4.794933 4.616683
-21.084384 3.053056 -5.449375
-8.522670 -3.525259 6.218834
-15.642492 6.519959 -3.592466
-18.291692 -2.097973 -3.058854
-13.574279 -4.777155 2.939687
-20.432131 2.791096 2.520531
-13.614685 2.093951 8.599794
-16.497392 -1.432594 -5.087177
-8.144782 -3.244096 3.613854
-9.984881 -4.381321 5.824804
-12.971052 1.313494 8.960114
-21.671884 2.717992 -0.786917
-8.002916 0.937494 2.176322
-13.135183 0.826496 -5.020640
-19.901969 0.752830 -5.507928
-21.913983 3.212310 -2.532671
-13.345511 -3.901531 -1.610114
-17.914718 3.893769 5.462938
-11.318818 -4.017603 -0.340925
-19.898151 1.022731 -5.727760
-10.765286 3.024063 -1.996863
-10.549722 4.886266 1.822374
-16.874245 -0.150654 -6.053147
-13.712579 -2.776288 7.327444
-9.215682 -3.749453 6.741239
-17.754896 -2.538185 -2.698269
-17.143394 7.626032 -0.814125
-15.966162 1.594410 -6.504067
-18.113380 6.359966 -4.969070
-7.785316 -1.878805 2.643955
-20.072803 5.284317 -5.685483
-12.912088 -4.027414 6.185529
-21.540242 4.137536 -4.593980
-15.433642 -4.160435 -0.053295
-19.726656 -1.196607 -2.227879
-16.132967 -3.757594 2.653124
-13.913637 -4.554180 0.257719
-15.409739 3.820933 -5.945265
-13.570001 -4.718569 0.957701
-7.303030 -1.135231 4.751995
-20.964889 0.947178 -4.018374
155
4.322655 -0.719737 -7.271838
0.973459 -5.399656 7.941467
-7.553566 -3.522046 1.483848
-2.847815 -0.654290 9.349432
3.249764 -2.024567 -8.085135
-4.052013 -1.718148 8.568265
-7.790442 0.396971 2.922937
3.112603 1.578437 -8.269526
-2.241214 3.529441 -8.798290
3.545196 -8.156749 0.500249
1.468334 -2.734044 -8.942965
-3.621231 7.089743 -5.366999
0.700857 -8.076835 -5.244410
5.670124 4.428258 2.921736
5.961925 4.634930 0.247589
-0.310370 -3.918993 -8.913929
-1.012236 -4.683598 -8.538266
5.455343 -3.240572 -4.714176
4.994854 1.921254 -6.126703
3.272862 6.562025 -5.056164
-2.529943 9.369854 -0.718945
1.395683 -3.593502 8.752872
0.405841 4.492658 -8.499515
-4.331267 3.773390 7.626596
-7.430364 2.408223 3.355660
-1.988775 0.049188 9.644037
-2.777109 3.394422 -8.657518
-4.048588 -7.302298 4.829752
-8.014551 1.625874 -0.383261
-2.148815 6.995738 -6.427050
0.221074 -4.120562 -8.765072
4.790227 -0.509719 -6.705829
0.999024 -3.403797 8.965775
2.588095 8.389709 2.638587
4.205302 -4.826427 5.791548
-4.847446 4.163017 6.932217
5.800727 -1.171062 -4.881684
3.861851 0.205890 -7.783255
-5.945257 2.059773 -6.518087
6.547071 -1.490199 2.542886
4.257442 7.346062 0.668665
-5.394692 5.729212 4.891449
-7.971367 0.936244 1.799418
-7.266022 0.314075 -4.498498
2.761467 -6.527147 -5.788210
3.381490 6.454810 -5.051497
-6.697632 5.553294 1.314539
-3.387077 -6.464194 6.468250
-5.557182 -7.372177 -0.719701
6.508636 -2.680652 -1.486228
6.823104 1.043136 -0.522957
6.878260 -0.150769 -0.277595
-7.300924 -3.954795 2.210081
6.783371 -1.448887 0.779195
3.072884 -0.709984 8.514454
-5.482042 4.301877 -6.002944
3.942739 -6.817217 -3.733471
-0.103198 4.179229 8.819176
-3.617894 7.647244 4.627357
5.897383 -4.310894 -2.242687
1.314989 2.012888 9.247698
1.576240 8.599340 3.567763
-8.059800 -1.301877 -0.479436
4.505764 -2.901763 -6.490928
-1.532363 9.642100 0.396905
2.947793 7.532745 -3.999371
-0.916413 -7.962381 5.751564
2.199080 -4.174648 8.094190
-5.488782 -7.371641 -1.270103
-1.157212 -2.651867 9.427962
1.325839 -9.470428 0.457348
0.314704 7.897388 5.589478
1.067196 -5.878131 7.560772
5.436419 -5.803994 -0.240774
1.658818 -9.338103 0.553856
3.826610 6.700932 4.081050
-4.531340 -0.345202 8.375777
0.172799 -1.776631 -9.512669
5.030622 -5.030113 4.095343
4.964979 3.863339 -5.174028
-0.866040 6.184785 7.554435
4.975244 4.527279 -4.582034
3.946639 -7.769161 0.678932
1.109599 -4.958364 8.175910
-2.899335 6.474114 -6.598649
-3.281198 -8.160137 4.241953
-6.709023 -5.143475 -2.562162
4.080975 -7.657064 -0.080503
-4.865689 7.986702 -0.606312
6.136727 0.015330 4.285041
-2.386512 -9.505848 0.874765
-0.384750 -6.953887 -6.856247
-1.538202 4.360029 -8.591115
-6.352135 0.051454 -6.271384
-5.045544 2.688924 7.445606
-0.848445 8.536711 -4.608114
-7.502850 1.756320 -3.433414
1.741518 -8.768806 3.182020
5.184789 5.418048 -2.855922
4.548565 -6.610115 -2.609395
2.793551 2.280966 -8.334604
-7.502287 -0.878084 3.869926
5.001097 -5.896549 -2.717336
-4.602692 -4.312338 7.141964
5.526050 -1.140600 -5.449303
-4.293663 -8.365620 1.894636
5.900291 -3.466120 3.453904
1.904653 9.023586 1.555309
1.063444 6.662273 6.790013
4.367044 6.881958 -2.239647
5.141079 -3.384143 5.331724
-4.006658 8.568570 1.388882
-0.200128 2.155701 -9.455381
-3.328780 -9.070664 1.312511
0.563695 -4.399204 8.646460
-6.265812 3.026876 5.705993
-1.836138 5.994299 7.551350
-4.548634 2.053989 8.097911
5.621743 1.060823 -5.260266
-4.168328 7.779910 3.631029
-4.593263 -7.887201 -2.657674
5.568471 5.159995 1.874739
4.404037 7.133020 -0.976853
-3.936944 -0.956079 8.758281
-0.873016 -0.684951 -9.696932
-4.171685 -3.688613 7.840991
-1.019092 5.382514 -8.058948
-3.280367 2.402927 8.841184
2.751812 3.432494 8.039528
-6.647385 -1.337657 5.728370
-1.403039 -3.261833 9.207374
4.654644 -0.289596 -6.896391
3.669416 -7.702598 2.405587
0.849614 8.092907 5.086449
-7.656385 2.819356 1.913564
6.812279 0.959918 -0.833399
-5.136643 -7.093655 -3.319486
0.305238 -8.962554 3.843979
6.018388 3.539475 2.840573
3.975493 6.007281 -4.744560
-1.542486 0.441627 -9.637565
-7.134210 2.554494 -4.070487
5.073694 6.208668 -1.097429
5.136501 0.331532 6.291343
-5.391758 -2.594449 -7.059706
5.984136 2.504481 -3.824655
2.765837 -7.587335 4.410594
6.324782 1.109250 -3.466396
0.224448 -1.074729 -9.605875
2.574199 6.005721 -6.393865
-2.486129 4.009119 -8.504947
-7.740896 -0.968598 3.016250
-0.409500 -4.584242 -8.601316
0.124922 -0.324406 -9.670305
-2.205604 2.742899 9.171434
